+-----------+-----------------------------------------------------------------------------------+-----------------------------------------------------------------------------------+-----------+-----------------+------------------+------------+---------------+------------+----------------------+------------------+
| REGION_ID | START_KEY                                                                         | END_KEY                                                                           | LEADER_ID | LEADER_STORE_ID | PEERS            | SCATTERING | WRITTEN_BYTES | READ_BYTES | APPROXIMATE_SIZE(MB) | APPROXIMATE_KEYS |
+-----------+-----------------------------------------------------------------------------------+-----------------------------------------------------------------------------------+-----------+-----------------+------------------+------------+---------------+------------+----------------------+------------------+
|      2017 | t_77_i_4_0380000000000000070380000000000007da038000000000000008038000000000025e84 | t_77_r_580552                                                                     |      2018 |               1 | 2018, 2019, 2020 |          0 |             0 |          0 |                  105 |           879554 |
|      2029 | t_77_r_580552                                                                     | t_77_r_1263719                                                                    |      2032 |               7 | 2030, 2031, 2032 |          0 |             0 |          0 |                   95 |           683167 |
|      2049 | t_77_r_1263719                                                                    | t_77_r_1944935                                                                    |      2052 |               7 | 2050, 2051, 2052 |          0 |             0 |          0 |                   95 |           681216 |
|      2057 | t_77_r_1944935                                                                    | t_85_5f720380000000000003e203800000000000000303800000000000009c                   |      2060 |               7 | 2058, 2059, 2060 |          0 |             0 |          0 |                   83 |           583378 |
|      3301 |                                                                                   | t_77_i_1_0380000000000000040380000000001c03a0                                     |      3304 |               7 | 3302, 3303, 3304 |          0 |         10071 |    2024236 |                   91 |          1227798 |
|      2045 | t_77_i_1_0380000000000000040380000000001c03a0                                     | t_77_i_1_038000000000000007038000000000063377                                     |      2048 |               7 | 2046, 2047, 2048 |          0 |             0 |          0 |                   34 |           523931 |
|      2025 | t_77_i_1_038000000000000007038000000000063377                                     | t_77_i_1_0380000000000000070380000000000e1340                                     |      2028 |               7 | 2026, 2027, 2028 |          0 |             0 |          0 |                   31 |           485630 |
|      2013 | t_77_i_1_0380000000000000070380000000000e1340                                     | t_77_i_2_0380000000000007a703800000000002b1d8                                     |      2014 |               1 | 2014, 2015, 2016 |          0 |             0 |          0 |                   62 |           976972 |
|      2009 | t_77_i_2_0380000000000007a703800000000002b1d8                                     | t_77_i_2_0380000000000007d703800000000002d7f0                                     |      2010 |               1 | 2010, 2011, 2012 |          0 |             0 |          0 |                   84 |          1330252 |
|      2053 | t_77_i_2_0380000000000007d703800000000002d7f0                                     | t_77_i_3_03800000000000076f03800000000000000103800000000000000003800000000023c80f |      2054 |               1 | 2054, 2055, 2056 |          0 |             0 |          0 |                   64 |           979709 |
|      2037 | t_77_i_3_03800000000000076f03800000000000000103800000000000000003800000000023c80f | t_77_i_3_0380000000000007bf038000000000000002038000000000000000038000000000009221 |      2040 |               7 | 2038, 2039, 2040 |          0 |             0 |          0 |                   44 |           544124 |
|      2005 | t_77_i_3_0380000000000007bf038000000000000002038000000000000000038000000000009221 | t_77_i_3_0380000000000007d403800000000000000703800000000000000003800000000006052b |      2006 |               1 | 2006, 2007, 2008 |          0 |             0 |          0 |                   60 |           740562 |
|      2041 | t_77_i_3_0380000000000007d403800000000000000703800000000000000003800000000006052b | t_77_i_3_0380000000000007dd038000000000000007038000000000000001038000000000142b6d |      2044 |               7 | 2042, 2043, 2044 |          0 |             0 |          0 |                   92 |          1138956 |
|      2033 | t_77_i_3_0380000000000007dd038000000000000007038000000000000001038000000000142b6d | t_77_i_4_0380000000000000070380000000000000000380000000000000000380000000001136d5 |      2036 |               7 | 2034, 2035, 2036 |          0 |             0 |          0 |                   81 |          1010853 |
|      2021 | t_77_i_4_0380000000000000070380000000000000000380000000000000000380000000001136d5 | t_77_i_4_0380000000000000070380000000000007ce0380000000000000090380000000000f8378 |      2023 |               4 | 2022, 2023, 2024 |          0 |             0 |          0 |                   43 |           533293 |
|      2001 | t_77_i_4_0380000000000000070380000000000007ce0380000000000000090380000000000f8378 | t_77_i_4_0380000000000000070380000000000007da038000000000000008038000000000025e84 |      2003 |               4 | 2002, 2003, 2004 |          0 |             0 |          0 |                   57 |           704430 |
+-----------+-----------------------------------------------------------------------------------+-----------------------------------------------------------------------------------+-----------+-----------------+------------------+------------+---------------+------------+----------------------+------------------+